route_id
1025209
1025210
1025256
1025342
1030436
1040914
1067111
1086484
1086485
1096571
1124785
1124786
1176285
1176286
1180317
1185393
1197616
1197617
1197620
1197621
1197622
1197623
1197626
1197627
1197630
1197631
1197634
1197635
1197636
1197637
1197658
1197659
1208811
1208813
1212774
1212775
1227999
1228000
1243756
1257856
1282698
1294061
1312293
1312296
1312297
1312664
1315642
1319356
1319357
1319358
1323062
1323394
1368356
1369110
1369327
1382497
1382498
1383095
1383272
1383273
1404190
1404803
1407232
1407233
1419803
1419804
1439291
1439292
1463791
1463792
1468999
1469000
1469227
1469302
1469507
1469508
1477360
1495356
1495357
1495917
1500809
1500810
1500811
1510919
1517888
1550078
1553191
1564721
1574048
1574049
1576314
1576317
1576318
1577980
1577981
1577985
1577986
1577987
1577988
1581192
1584792
1585324
1585325
1585326
1589428
1589474
1589764
1590576
1590577
1598246
1602765
1620652
1620653
1621387
1624831
1624894
1631795
1633218
1656159
1657611
1657842
1657843
1658634
1658635
1658636
1664389
1664390
1672491
1679091
1679098
1681597
1681598
1681603
1683486
1684103
1684104
1697163
1702869
1713766
1713945
1721522
1721523
1721570
1721571
1721784
1721785
1721786
1721787
1733093
1733590
1733615
1733616
1733767
1733769
1744535
1751787
1767355
1767356
1767913
1767914
1773490
1773491
1773492
1773682
1780452
1780961
1781417
1781418
1787772
1787773
1787774
1787775
1787776
1787777
1787778
1787779
1788504
1795646
1795801
1796401
1802484
1803054
1810443
1819956
1820069
1820070
1821956
1821957
1821958
1821959
1821960
1821961
1821962
1821963
1821964
1821965
1821966
1821967
1822865
1825698
1825699
1826465
1826466
1826467
1826468
1826469
1826470
1826471
1826472
1826473
1826474
1826475
1826476
1826477
1826478
1826479
1826480
1826481
1826482
1826483
1826484
1826485
1826486
1826487
1826488
1826489
1826490
1826491
1826492
1826493
1826494
1826495
1826496
1826497
1826498
1826499
1826500
1826502
1826503
1826504
1826505
1826506
1826507
1826508
1826509
1826510
1826511
1826512
1826513
1826514
1826516
1826517
1826518
1826519
1826520
1826521
1826522
1826523
1826524
1826525
1826526
1826527
1826528
1826529
1826530
1826531
1826532
1826533
1826534
1826535
1826536
1826537
1826538
1826539
1826540
1826541
1826542
1826543
1826544
1826545
1826546
1826547
1826548
1826549
1826550
1826551
1826552
1826553
1826554
1826555
1826556
1826557
1826558
1826559
1826560
1826561
1826562
1826563
1826564
1826565
1826566
1826567
1826568
1826569
1826570
1826571
1826572
1826573
1826574
1826575
1826576
1826577
1826578
1826579
1826580
1826583
1826584
1826585
1826586
1826587
1826588
1826589
1826590
1826591
1826592
1826593
1826594
1826595
1826596
1826597
1826598
1826599
1826600
1826601
1826602
1826603
1826604
1826605
1826606
1826607
1826608
1826609
1826610
1826611
1826612
1826613
1826614
1826615
1826616
1826617
1826618
1826619
1826620
1826621
1826622
1826623
1826624
1826625
1826626
1826627
1826628
1826629
1826630
1826631
1826632
1826633
1826634
1826635
1826636
1826637
1826638
1826639
1826640
1826641
1826642
1826643
1826644
1826645
1826646
1826647
1826648
1826649
1826650
1826651
1826652
1826653
1826654
1826655
1826656
1826657
1826658
1826659
1826660
1826661
1826662
1826663
1826664
1826665
1826666
1826667
1826668
1826669
1826670
1826671
1826672
1826673
1826674
1826675
1826676
1826677
1826678
1826679
1826680
1826681
1826682
1826683
1826684
1826685
1826686
1826687
1826688
1826689
1826690
1826691
1826692
1826693
1826694
1826695
1826696
1826697
1826698
1826699
1826700
1826701
1826702
1826703
1826704
1826705
1826706
1826707
1826708
1826709
1826710
1826711
1826712
1826713
1826714
1826715
1826716
1826717
1826718
1826721
1826722
1826723
1826724
1826727
1826728
1826729
1826730
1826731
1826732
1826733
1826734
1826735
1826736
1826737
1826738
1826739
1826740
1826741
1826742
1826743
1826744
1826745
1826746
1826747
1826748
1826749
1826750
1826751
1826752
1826753
1826754
1826755
1826756
1826757
1826758
1826759
1826760
1826763
1826764
1826765
1826766
1826767
1826768
1826769
1826770
1826771
1826772
1826773
1826774
1826775
1826776
1826777
1826778
1826779
1826780
1826781
1826782
1826783
1826784
1826785
1826786
1826787
1826788
1826789
1826790
1826791
1826792
1826793
1826794
1826797
1826798
1826799
1826800
1826801
1826802
1826803
1826804
1826805
1826806
1826807
1826808
1826811
1826812
1826813
1826814
1826817
1826818
1826819
1826820
1826821
1826822
1826823
1826824
1826825
1826826
1826827
1826828
1826829
1826830
1826831
1826832
1826833
1826834
1826835
1826836
1826837
1826838
1826839
1826840
1826841
1826842
1826843
1826844
1826845
1826846
1826847
1826848
1826849
1826850
1826851
1826852
1826853
1826854
1826855
1826856
1826857
1826858
1826859
1826875
1826876
1826877
1826878
1826879
1826880
1826881
1826882
1826883
1826884
1826885
1826886
1826887
1826888
1826889
1826890
1826891
1826892
1826893
1826894
1826895
1826896
1826897
1826898
1826899
1826900
1826901
1826902
1826903
1826904
1826905
1826906
1826907
1826908
1826909
1826910
1826911
1826912
1826913
1826914
1826915
1826916
1826917
1826920
1826921
1826922
1826925
1826926
1826927
1826928
1826929
1826930
1826931
1826932
1826933
1826934
1826935
1826936
1826937
1826938
1826939
1826940
1826941
1826942
1826943
1826944
1826945
1826946
1826947
1826948
1826949
1826950
1826951
1826952
1826953
1826954
1826955
1826956
1826957
1826958
1826959
1826960
1826961
1826962
1826963
1826964
1826965
1826966
1826967
1826968
1826969
1826970
1826971
1826972
1826973
1826974
1826975
1826976
1826977
1826978
1826979
1826980
1826983
1826984
1826985
1826986
1826989
1826990
1826991
1826992
1826993
1826994
1826995
1826996
1826997
1826998
1826999
1827000
1827001
1827002
1827005
1827006
1827007
1827008
1827009
1827010
1827011
1827012
1827013
1827014
1827015
1827016
1827017
1827018
1827019
1827020
1827021
1827022
1827025
1827026
1827027
1827028
1827029
1827030
1827033
1827034
1827035
1827036
1827039
1827040
1827041
1827042
1827043
1827044
1827045
1827046
1827049
1827050
1827051
1827052
1827053
1827054
1827055
1827056
1827057
1827058
1827059
1827060
1827061
1827062
1827063
1827064
1827065
1827067
1827068
1827069
1827070
1827071
1827072
1827073
1827074
1827075
1827076
1827077
1827078
1827079
1827080
1827081
1827082
1827083
1827084
1827085
1827086
1827087
1827088
1827089
1827090
1827091
1827092
1827093
1827094
1827095
1827097
1827098
1827099
1827100
1827101
1827102
1827103
1827104
1827105
1827106
1827107
1827108
1827109
1827110
1827111
1827112
1827113
1827114
1827115
1827116
1827117
1827118
1827119
1827120
1827123
1827124
1827125
1827126
1827127
1827128
1827129
1827130
1827131
1827132
1827133
1827134
1827135
1827136
1827137
1827138
1827139
1827140
1827141
1827142
1827143
1827144
1827145
1827146
1827147
1827148
1827149
1827150
1827151
1827152
1827153
1827154
1827155
1827156
1827157
1827158
1827159
1827160
1827161
1827162
1827165
1827166
1827167
1827168
1827169
1827170
1827171
1827172
1827173
1827174
1827175
1827176
1827177
1827178
1827179
1827180
1827185
1827186
1827187
1827188
1827189
1827190
1827191
1827192
1827193
1827194
1827195
1827196
1827197
1827198
1827199
1827200
1827201
1827202
1827203
1827204
1827205
1827206
1827207
1827208
323511
323512
656103
656104
708898
708899
866511
866512
866513
869472
869474
869552
870251
870269
870303
872279
877786
877836
877853
877878
884809
884811
884827
884893
900404
900405
900408
909138
909159
909160
909161
910833
914412
914413
916918
916919
933332
938507
938508
938560
938562
939887
939888
942178
942186
942247
942284
961091
964247
982059
982086
991033
